3 6
3 10
4 12
6 13
10 13
12 12
13 10
13 6
12 4
10 3
6 3
4 4
3 6
2 10
2 9
0 9
0 10
2 10
2 7
2 6
0 6
0 7
2 7
3 11
2 11
1 12
1 13
2 13
3 12
3 11
5 14
4 15
3 15
3 14
4 13
5 13
5 14
6 14
6 16
7 16
7 14
6 14
9 14
9 16
10 16
10 14
9 14
11 13
12 13
13 14
13 15
12 15
11 14
11 13
13 11
14 11
15 12
15 13
14 13
13 12
13 11
4 3
5 3
5 2
4 1
3 1
3 2
4 3
12 3
13 2
13 1
12 1
11 2
11 3
12 3
9 2
10 2
10 0
9 0
9 2
2 5
1 4
1 3
2 3
3 4
3 5
2 5
7 2
6 2
6 0
7 0
7 2
16 7
16 6
14 6
14 7
16 7
13 4
13 5
14 5
15 4
15 3
14 3
13 4
14 9
14 10
16 10
16 9
14 9
